4000.0,1.734635591506958
4007.8125,1.7197506427764893
4015.625,1.6984280347824097
4023.4375,1.6960103511810303
4031.25,1.7231296300888062
4039.0625,1.7147694826126099
4046.875,1.7582951784133911
4054.6875,1.7323635816574097
4062.5,1.7164007425308228
4070.3125,1.7177115678787231
4078.125,1.699127197265625
4085.9375,1.726362943649292
4093.75,1.727003812789917
4101.5625,1.703904390335083
4109.375,1.732130527496338
4117.1875,1.7192845344543457
4125.0,1.7053899765014648
4132.8125,1.7249356508255005
4140.625,1.7516682147979736
4148.4375,1.7068172693252563
4156.25,1.7201875448226929
4164.0625,1.700088381767273
4171.875,1.7373446226119995
4179.6875,1.7551928758621216
4187.5,1.7485885620117188
4195.3125,1.7527897357940674
4203.125,1.7358299493789673
4210.9375,1.7452969551086426
4218.75,1.7712721824645996
4226.5625,1.7741268873214722
4234.375,1.749491572380066
4242.1875,1.792041301727295
4250.0,1.7899731397628784
4257.8125,1.7882544994354248
4265.625,1.7899295091629028
4273.4375,1.7949105501174927
4281.25,1.8002848625183105
4289.0625,1.8096935749053955
4296.875,1.8208063840866089
4304.6875,1.820209264755249
4312.5,1.829865574836731
4320.3125,1.8156068325042725
4328.125,1.8186217546463013
4335.9375,1.8319774866104126
4343.75,1.8224231004714966
4351.5625,1.835676908493042
4359.375,1.8188838958740234
4367.1875,1.8274041414260864
4375.0,1.8409055471420288
4382.8125,1.8216803073883057
4390.625,1.8302297592163086
4398.4375,1.8280013799667358
4406.25,1.8229765892028809
4414.0625,1.8227726221084595
4421.875,1.804887294769287
4429.6875,1.8207627534866333
4437.5,1.8108588457107544
4445.3125,1.7987556457519531
4453.125,1.8237922191619873
4460.9375,1.8120094537734985
4468.75,1.816437005996704
4476.5625,1.817077875137329
4484.375,1.813145399093628
4492.1875,1.8111355304718018
4500.0,1.8065913915634155
4507.8125,1.8104655742645264
4515.625,1.807261347770691
4523.4375,1.8257001638412476
4531.25,1.8078148365020752
4539.0625,1.8270255327224731
4546.875,1.8158544301986694
4554.6875,1.8212724924087524
4562.5,1.8045668601989746
4570.3125,1.824622392654419
4578.125,1.8301714658737183
4585.9375,1.8315696716308594
4593.75,1.8262535333633423
4601.5625,1.833433985710144
4609.375,1.8413716554641724
4617.1875,1.853402018547058
4625.0,1.8494112491607666
4632.8125,1.8516833782196045
4640.625,1.8564605712890625
4648.4375,1.8507658243179321
4656.25,1.8396530151367188
4664.0625,1.857145071029663
4671.875,1.8647041320800781
4679.6875,1.8630874156951904
4687.5,1.8568246364593506
4695.3125,1.8725398778915405
4703.125,1.8757725954055786
4710.9375,1.8670927286148071
4718.75,1.875226378440857
4726.5625,1.8645439147949219
4734.375,1.8661751747131348
4742.1875,1.8754957914352417
4750.0,1.881933331489563
4757.8125,1.876151204109192
4765.625,1.8754812479019165
4773.4375,1.8769595623016357
4781.25,1.876872181892395
4789.0625,1.8718116283416748
4796.875,1.8815182447433472
4804.6875,1.8759400844573975
4812.5,1.8786271810531616
4820.3125,1.876580834388733
4828.125,1.8666411638259888
4835.9375,1.875983715057373
4843.75,1.8606406450271606
4851.5625,1.8566207885742188
4859.375,1.861412525177002
4867.1875,1.860130786895752
4875.0,1.8584558963775635
4882.8125,1.8615727424621582
4890.625,1.8453041315078735
4898.4375,1.8412259817123413
4906.25,1.8412842750549316
4914.0625,1.8467459678649902
4921.875,1.8236610889434814
4929.6875,1.8295888900756836
4937.5,1.8248116970062256
4945.3125,1.8171069622039795
4953.125,1.8288606405258179
4960.9375,1.8095042705535889
4968.75,1.804275631904602
4976.5625,1.8259623050689697
4984.375,1.810436487197876
4992.1875,1.8091402053833008
5000.0,1.7990468740463257
5007.8125,1.7796614170074463
5015.625,1.789944052696228
5023.4375,1.773121953010559
5031.25,1.7880069017410278
5039.0625,1.7895071506500244
5046.875,1.7710974216461182
5054.6875,1.783521056175232
5062.5,1.7762969732284546
5070.3125,1.7753794193267822
5078.125,1.7535908222198486
5085.9375,1.754755973815918
5093.75,1.7350143194198608
5101.5625,1.7333248853683472
5109.375,1.7181484699249268
5117.1875,1.7176532745361328
5125.0,1.6707844734191895
5132.8125,1.7031761407852173
5140.625,1.7185271978378296
5148.4375,1.668832778930664
5156.25,1.6469275951385498
5164.0625,1.61747145652771
5171.875,1.6066936254501343
5179.6875,1.562650203704834
5187.5,1.5636405944824219
5195.3125,1.5364339351654053
5203.125,1.5083534717559814
5210.9375,1.3317008018493652
5218.75,1.3895870447158813
5226.5625,1.2171872854232788
5234.375,1.1603270769119263
5242.1875,-1.2223140001296997
5250.0,-1.2627228498458862
5257.8125,-1.5053240060806274
5265.625,-1.4712653160095215
5273.4375,-1.4886263608932495
5281.25,-1.5907890796661377
5289.0625,-1.6180540323257446
5296.875,-1.6584336757659912
5304.6875,-1.6279937028884888
5312.5,-1.696214199066162
5320.3125,-1.7270328998565674
5328.125,-1.7368786334991455
5335.9375,-1.7350143194198608
5343.75,-1.7610915899276733
5351.5625,-1.775219202041626
5359.375,-1.7899295091629028
5367.1875,-1.7924200296401978
5375.0,-1.8113102912902832
5382.8125,-1.8279139995574951
5390.625,-1.8317153453826904
5398.4375,-1.8493530750274658
5406.25,-1.865155577659607
5414.0625,-1.8723360300064087
5421.875,-1.8839287757873535
5429.6875,-1.8852394819259644
5437.5,-1.8922669887542725
5445.3125,-1.8905774354934692
5453.125,-1.9014790058135986
5460.9375,-1.9133710861206055
5468.75,-1.912839412689209
5476.5625,-1.9189274311065674
5484.375,-1.9318244457244873
5492.1875,-1.920070767402649
5500.0,-1.9245420694351196
5507.8125,-1.946840524673462
5515.625,-1.9541738033294678
5523.4375,-1.9622862339019775
5531.25,-1.962388277053833
5539.0625,-1.9686728715896606
5546.875,-1.9672964811325073
5554.6875,-1.9752050638198853
5562.5,-1.982130527496338
5570.3125,-1.9845263957977295
5578.125,-1.99526047706604
5585.9375,-1.9929739236831665
5593.75,-1.9899007081985474
5601.5625,-1.9961854219436646
5609.375,-1.9946197271347046
5617.1875,-2.0049896240234375
5625.0,-2.0065627098083496
5632.8125,-2.0062785148620605
5640.625,-2.001537799835205
5648.4375,-2.0013484954833984
5656.25,-2.00468373298645
5664.0625,-2.011368989944458
5671.875,-2.0128254890441895
5679.6875,-2.0060675144195557
5687.5,-2.0026156902313232
5695.3125,-2.0102474689483643
5703.125,-2.008026361465454
5710.9375,-2.0028412342071533
5718.75,-2.0071380138397217
5726.5625,-2.01157283782959
5734.375,-2.0074656009674072
5742.1875,-1.997073769569397
5750.0,-2.00032901763916
5757.8125,-1.992376685142517
5765.625,-1.9942337274551392
5773.4375,-1.9909493923187256
5781.25,-1.993971586227417
5789.0625,-1.9837253093719482
5796.875,-1.98524010181427
5804.6875,-1.9856624603271484
5812.5,-1.9882112741470337
5820.3125,-1.9761663675308228
5828.125,-1.9760570526123047
5835.9375,-1.9730130434036255
5843.75,-1.9772950410842896
5851.5625,-1.9733116626739502
5859.375,-1.9700345993041992
5867.1875,-1.967980980873108
5875.0,-1.9633349180221558
5882.8125,-1.960327386856079
5890.625,-1.9620459079742432
5898.4375,-1.9549238681793213
5906.25,-1.9454277753829956
5914.0625,-1.9468988180160522
5921.875,-1.9438475370407104
5929.6875,-1.9522366523742676
5937.5,-1.9471464157104492
5945.3125,-1.9345698356628418
5953.125,-1.9340819120407104
5960.9375,-1.936084508895874
5968.75,-1.9290789365768433
5976.5625,-1.924636721611023
5984.375,-1.914223074913025
5992.1875,-1.9293338060379028
6000.0,-1.9252266883850098
6007.8125,-1.9224375486373901
6015.625,-1.9126938581466675
6023.4375,-1.9128831624984741
6031.25,-1.9152425527572632
6039.0625,-1.9053823947906494
6046.875,-1.9050182104110718
6054.6875,-1.902789831161499
6062.5,-1.9011222124099731
6070.3125,-1.8982676267623901
6078.125,-1.9041880369186401
6085.9375,-1.8988428115844727
6093.75,-1.8858147859573364
6101.5625,-1.8959954977035522
6109.375,-1.885392427444458
6117.1875,-1.8831349611282349
6125.0,-1.8838995695114136
6132.8125,-1.8827927112579346
6140.625,-1.8833024501800537
6148.4375,-1.8798651695251465
6156.25,-1.8757798671722412
6164.0625,-1.8711416721343994
6171.875,-1.8655343055725098
6179.6875,-1.8521640300750732
6187.5,-1.866335391998291
6195.3125,-1.8591986894607544
6203.125,-1.842347502708435
6210.9375,-1.8539555072784424
6218.75,-1.8494840860366821
6226.5625,-1.83732271194458
6234.375,-1.8406288623809814
6242.1875,-1.8418523073196411
6250.0,-1.838429570198059
6257.8125,-1.8432358503341675
6265.625,-1.8153010606765747
6273.4375,-1.8110190629959106
6281.25,-1.8161894083023071
6289.0625,-1.8091256618499756
6296.875,-1.812300682067871
6304.6875,-1.80523681640625
6312.5,-1.801639437675476
6320.3125,-1.80085289478302
6328.125,-1.7963670492172241
6335.9375,-1.7832589149475098
6343.75,-1.8102762699127197
6351.5625,-1.804770827293396
6359.375,-1.808790683746338
6367.1875,-1.796177625656128
6375.0,-1.7951726913452148
6382.8125,-1.7843074798583984
6390.625,-1.7901188135147095
6398.4375,-1.7864048480987549
6406.25,-1.7887934446334839
6414.0625,-1.8002266883850098
6421.875,-1.7918519973754883
6429.6875,-1.7822685241699219
6437.5,-1.7699322700500488
6445.3125,-1.7702527046203613
6453.125,-1.7758455276489258
6460.9375,-1.7681407928466797
6468.75,-1.768839955329895
6476.5625,-1.764062762260437
6484.375,-1.7618780136108398
6492.1875,-1.7461707592010498
6500.0,-1.7512167692184448
6507.8125,-1.758003830909729
6515.625,-1.7627955675125122
6523.4375,-1.7533432245254517
6531.25,-1.7558192014694214
6539.0625,-1.744189977645874
6546.875,-1.733878254890442
6554.6875,-1.7049821615219116
6562.5,-1.735130786895752
6570.3125,-1.7219644784927368
6578.125,-1.7087689638137817
6585.9375,-1.728110671043396
6593.75,-1.6979037523269653
6601.5625,-1.6540642976760864
6609.375,-1.68715500831604
6617.1875,-1.681620478630066
6625.0,-1.66329824924469
6632.8125,-1.6578218936920166
6640.625,-1.6744838953018188
6648.4375,-1.629654049873352
6656.25,-1.602149486541748
6664.0625,-1.6100726127624512
6671.875,-1.6079752445220947
6679.6875,-1.5661457777023315
6687.5,-1.4546034336090088
6695.3125,-1.5177329778671265
6703.125,-1.541444182395935
6710.9375,-1.5904395580291748
6718.75,-1.6119951009750366
6726.5625,-1.5583974123001099
6734.375,-1.3834116458892822
6742.1875,-1.3764206171035767
6750.0,-1.4095114469528198
6757.8125,-1.3226124048233032
6765.625,-1.2218478918075562
6773.4375,1.3090964555740356
6781.25,1.2869583368301392
6789.0625,1.3421872854232788
6796.875,1.2899876832962036
6804.6875,1.4678863286972046
6812.5,1.4769747257232666
6820.3125,1.550357699394226
6828.125,1.5329384803771973
6835.9375,1.6370819807052612
6843.75,1.5909055471420288
6851.5625,1.6512095928192139
6859.375,1.6312851905822754
6867.1875,1.6316930055618286
6875.0,1.6520835161209106
6882.8125,1.6796979904174805
6890.625,1.6921069622039795
6898.4375,1.6783288717269897
6906.25,1.687038540840149
6914.0625,1.6655994653701782
6921.875,1.7006127834320068
6929.6875,1.7406362295150757
6937.5,1.6578510999679565
6945.3125,1.7213819026947021
6953.125,1.6941752433776855
6960.9375,1.713808298110962
6968.75,1.7403157949447632
6976.5625,1.7328587770462036
6984.375,1.7544209957122803
6992.1875,1.7313148975372314
7000.0,1.7289263010025024
7007.8125,1.745180368423462
7015.625,1.7478312253952026
7023.4375,1.7654900550842285
7031.25,1.7718256711959839
7039.0625,1.7683738470077515
7046.875,1.7753503322601318
7054.6875,1.7713159322738647
7062.5,1.7727141380310059
7070.3125,1.7971534729003906
7078.125,1.7677329778671265
7085.9375,1.7968330383300781
7093.75,1.7924636602401733
7101.5625,1.79900324344635
7109.375,1.8102470636367798
7117.1875,1.8031104803085327
7125.0,1.8134658336639404
7132.8125,1.8057466745376587
7140.625,1.8151408433914185
7148.4375,1.809271216392517
7156.25,1.8055717945098877
7164.0625,1.7998770475387573
7171.875,1.7931773662567139
7179.6875,1.8099849224090576
7187.5,1.8283509016036987
7195.3125,1.833929181098938
7203.125,1.834934115409851
7210.9375,1.8226124048233032
7218.75,1.8293412923812866
7226.5625,1.8268215656280518
7234.375,1.8203403949737549
7242.1875,1.8184177875518799
7250.0,1.8357059955596924
7257.8125,1.852149486541748
7265.625,1.8405122756958008
7273.4375,1.840847373008728
7281.25,1.8505473136901855
7289.0625,1.866976261138916
7296.875,1.8660004138946533
7304.6875,1.8689278364181519
7312.5,1.863844871520996
7320.3125,1.857421875
7328.125,1.8702386617660522
7335.9375,1.8797487020492554
7343.75,1.8828508853912354
7351.5625,1.8822319507598877
7359.375,1.8834408521652222
7367.1875,1.8814163208007812
7375.0,1.8764206171035767
7382.8125,1.8868852853775024
7390.625,1.8888587951660156
7398.4375,1.8834772109985352
7406.25,1.8851375579833984
7414.0625,1.8836884498596191
7421.875,1.8893539905548096
7429.6875,1.8896816968917847
7437.5,1.8866959810256958
7445.3125,1.8877081871032715
7453.125,1.8932281732559204
7460.9375,1.8907376527786255
7468.75,1.8863027095794678
7476.5625,1.8994618654251099
7484.375,1.8898491859436035
7492.1875,1.888669490814209
7500.0,1.8908395767211914
7507.8125,1.8943206071853638
7515.625,1.896621823310852
7523.4375,1.8899002075195312
7531.25,1.8943133354187012
7539.0625,1.8939273357391357
7546.875,1.9020907878875732
7554.6875,1.8931699991226196
7562.5,1.8954347372055054
7570.3125,1.9002920389175415
7578.125,1.8873223066329956
7585.9375,1.8973864316940308
7593.75,1.8873077630996704
7601.5625,1.8934977054595947
7609.375,1.8882471323013306
7617.1875,1.8923834562301636
7625.0,1.894335150718689
7632.8125,1.893133521080017
7640.625,1.9026588201522827
7648.4375,1.8919100761413574
7656.25,1.892558217048645
7664.0625,1.8907959461212158
7671.875,1.898223876953125
7679.6875,1.893133521080017
7687.5,1.8961775302886963
7695.3125,1.8925364017486572
7703.125,1.8957041501998901
7710.9375,1.899046778678894
7718.75,1.8897181749343872
7726.5625,1.8982166051864624
7734.375,1.895442008972168
7742.1875,1.8856327533721924
7750.0,1.8897327184677124
7757.8125,1.8968766927719116
7765.625,1.9021053314208984
7773.4375,1.8907814025878906
7781.25,1.8914949893951416
7789.0625,1.896126627922058
7796.875,1.8967819213867188
7804.6875,1.8969130516052246
7812.5,1.8983768224716187
7820.3125,1.891487717628479
7828.125,1.8999643325805664
7835.9375,1.9002629518508911
7843.75,1.893118977546692
7851.5625,1.8989448547363281
7859.375,1.9011950492858887
7867.1875,1.902425765991211
7875.0,1.9030447006225586
7882.8125,1.897444725036621
7890.625,1.8993744850158691
7898.4375,1.8935267925262451
7906.25,1.8937453031539917
7914.0625,1.8947210311889648
7921.875,1.897692322731018
7929.6875,1.8981437683105469
7937.5,1.8898564577102661
7945.3125,1.8890044689178467
7953.125,1.8911381959915161
7960.9375,1.8973572254180908
7968.75,1.8948085308074951
7976.5625,1.8930753469467163
7984.375,1.8849555253982544
7992.1875,1.8907814025878906
8000.0,1.8889098167419434
8007.8125,1.883957862854004
8015.625,1.8851375579833984
8023.4375,1.8800982236862183
8031.25,1.875699758529663
8039.0625,1.8671655654907227
8046.875,1.882392168045044
8054.6875,1.87526273727417
8062.5,1.868432641029358
8070.3125,1.8589948415756226
8078.125,1.8793772459030151
8085.9375,1.8475033044815063
8093.75,1.8544507026672363
8101.5625,1.8704862594604492
8109.375,1.87310791015625
8117.1875,1.861907720565796
8125.0,1.8549604415893555
8132.8125,1.8690589666366577
8140.625,1.8765079975128174
8148.4375,1.8758162260055542
8156.25,1.8517707586288452
8164.0625,1.8560818433761597
8171.875,1.8626359701156616
8179.6875,1.8455225229263306
8187.5,1.8574800491333008
8195.3125,1.8415755033493042
8203.125,1.844983696937561
8210.9375,1.8476052284240723
8218.75,1.855892539024353
8226.5625,1.8616892099380493
8234.375,1.8536932468414307
8242.1875,1.8619805574417114
8250.0,1.8522076606750488
8257.8125,1.8421144485473633
8265.625,1.8524261713027954
8273.4375,1.85050368309021
8281.25,1.8490180969238281
8289.0625,1.8512464761734009
8296.875,1.8413716554641724
8304.6875,1.84170663356781
8312.5,1.8505327701568604
8320.3125,1.84609055519104
8328.125,1.8512901067733765
8335.9375,1.8514795303344727
8343.75,1.8310599327087402
8351.5625,1.841415286064148
8359.375,1.8400462865829468
8367.1875,1.8381091356277466
8375.0,1.8383712768554688
8382.8125,1.8553682565689087
8390.625,1.8488433361053467
8398.4375,1.843833088874817
8406.25,1.8448234796524048
8414.0625,1.84230375289917
8421.875,1.825976848602295
8429.6875,1.8555575609207153
8437.5,1.8567227125167847
8445.3125,1.8438185453414917
8453.125,1.837541103363037
8460.9375,1.8553099632263184
8468.75,1.8510862588882446
8476.5625,1.8565479516983032
8484.375,1.8505910634994507
8492.1875,1.8393616676330566
8500.0,1.8376139402389526
8507.8125,1.8567081689834595
8515.625,1.854144811630249
8523.4375,1.8397403955459595
8531.25,1.8600434064865112
8539.0625,1.8482753038406372
8546.875,1.851901888847351
8554.6875,1.8296617269515991
8562.5,1.8408764600753784
8570.3125,1.8485519886016846
8578.125,1.8501394987106323
8585.9375,1.861456274986267
8593.75,1.8538826704025269
8601.5625,1.8530961275100708
8609.375,1.8628252744674683
8617.1875,1.8613834381103516
8625.0,1.8557177782058716
8632.8125,1.8631311655044556
8640.625,1.8691463470458984
8648.4375,1.8496880531311035
8656.25,1.8650245666503906
8664.0625,1.876872181892395
8671.875,1.8536932468414307
8679.6875,1.858412265777588
8687.5,1.86431086063385
8695.3125,1.8854434490203857
8703.125,1.880251169204712
8710.9375,1.8784815073013306
8718.75,1.8783140182495117
8726.5625,1.8806662559509277
8734.375,1.8815765380859375
8742.1875,1.8803749084472656
8750.0,1.8783212900161743
8757.8125,1.8863682746887207
8765.625,1.8871402740478516
8773.4375,1.8919683694839478
8781.25,1.8870747089385986
8789.0625,1.884613275527954
8796.875,1.878190279006958
8804.6875,1.8872276544570923
8812.5,1.8794718980789185
8820.3125,1.8870455026626587
8828.125,1.8863537311553955
8835.9375,1.8893539905548096
8843.75,1.8866668939590454
8851.5625,1.8864848613739014
8859.375,1.8880358934402466
8867.1875,1.884220004081726
8875.0,1.8992871046066284
8882.8125,1.8994255065917969
8890.625,1.8935267925262451
8898.4375,1.897218942642212
8906.25,1.9000881910324097
8914.0625,1.8883126974105835
8921.875,1.8918519020080566
8929.6875,1.8969858884811401
8937.5,1.900896430015564
8945.3125,1.9005833864212036
8953.125,1.899869680404663
8960.9375,1.902323842048645
8968.75,1.902687907218933
8976.5625,1.8952454328536987
8984.375,1.8934394121170044
8992.1875,1.9049381017684937
9000.0,1.8956677913665771
9007.8125,1.8948085308074951
9015.625,1.8968256711959839
9023.4375,1.9000662565231323
9031.25,1.9015518426895142
9039.0625,1.9004085063934326
9046.875,1.9033069610595703
9054.6875,1.9003430604934692
9062.5,1.906991720199585
9070.3125,1.8990395069122314
9078.125,1.8983550071716309
9085.9375,1.904319167137146
9093.75,1.9044721126556396
9101.5625,1.8967819213867188
9109.375,1.896971344947815
9117.1875,1.9039040803909302
9125.0,1.8920339345932007
9132.8125,1.8926165103912354
9140.625,1.9021053314208984
9148.4375,1.90296471118927
9156.25,1.9021344184875488
9164.0625,1.9030228853225708
9171.875,1.9089652299880981
9179.6875,1.898966670036316
9187.5,1.9012095928192139
9195.3125,1.9056299924850464
9203.125,1.9073048830032349
9210.9375,1.898012638092041
9218.75,1.9012095928192139
9226.5625,1.8957260847091675
9234.375,1.8923907279968262
9242.1875,1.8992506265640259
9250.0,1.8998987674713135
9257.8125,1.905673623085022
9265.625,1.9004085063934326
9273.4375,1.8981947898864746
9281.25,1.899046778678894
9289.0625,1.8973718881607056
9296.875,1.8998987674713135
9304.6875,1.903969645500183
9312.5,1.8966144323349
9320.3125,1.8924052715301514
9328.125,1.8901114463806152
9335.9375,1.8891136646270752
9343.75,1.8967528343200684
9351.5625,1.8936797380447388
9359.375,1.8922232389450073
9367.1875,1.8859095573425293
9375.0,1.8950706720352173
9382.8125,1.8917207717895508
9390.625,1.8934684991836548
9398.4375,1.8943642377853394
9406.25,1.889033555984497
9414.0625,1.8895434141159058
9421.875,1.8874096870422363
9429.6875,1.8819843530654907
9437.5,1.8803167343139648
9445.3125,1.8829892873764038
9453.125,1.8813362121582031
9460.9375,1.887963056564331
9468.75,1.880396842956543
9476.5625,1.8799744844436646
9484.375,1.88189697265625
9492.1875,1.8807754516601562
9500.0,1.8759618997573853
9507.8125,1.8762896060943604
9515.625,1.8776805400848389
9523.4375,1.875306487083435
9531.25,1.8779281377792358
9539.0625,1.8748120069503784
9546.875,1.8807390928268433
9554.6875,1.8800326585769653
9562.5,1.8762022256851196
9570.3125,1.8742294311523438
9578.125,1.882472276687622
9585.9375,1.8781465291976929
9593.75,1.8758527040481567
9601.5625,1.8813507556915283
9609.375,1.8845914602279663
9617.1875,1.8764206171035767
9625.0,1.850256085395813
9632.8125,1.8766027688980103
9640.625,1.8784815073013306
9648.4375,1.8635389804840088
9656.25,1.8607861995697021
9664.0625,1.8603202104568481
9671.875,1.859781265258789
9679.6875,1.8525280952453613
9687.5,1.8588200807571411
9695.3125,1.8749139308929443
9703.125,1.8522223234176636
9710.9375,1.8489452600479126
9718.75,1.858383059501648
9726.5625,1.8641070127487183
9734.375,1.8595045804977417
9742.1875,1.8763988018035889
9750.0,1.8539700508117676
9757.8125,1.8518435955047607
9765.625,1.8685345649719238
9773.4375,1.838808298110962
9781.25,1.8480130434036255
9789.0625,1.845202088356018
9796.875,1.8381528854370117
9804.6875,1.846731424331665
9812.5,1.8377450704574585
9820.3125,1.8402210474014282
9828.125,1.8440078496932983
9835.9375,1.8376139402389526
9843.75,1.8363468647003174
9851.5625,1.8377305269241333
9859.375,1.8490180969238281
9867.1875,1.859067678451538
9875.0,1.8443719148635864
9882.8125,1.8638302087783813
9890.625,1.8610775470733643
9898.4375,1.849717140197754
9906.25,1.867937445640564
9914.0625,1.8518435955047607
9921.875,1.8580044507980347
9929.6875,1.8375848531723022
9937.5,1.841167688369751
9945.3125,1.8535330295562744
9953.125,1.848479151725769
9960.9375,1.843337893486023
9968.75,1.8613251447677612
9976.5625,1.852892279624939
9984.375,1.8522368669509888
9992.1875,1.8501832485198975
10000.0,1.8521640300750732
10007.8125,1.8635244369506836
10015.625,1.8532418012619019
10023.4375,1.8581500053405762
10031.25,1.8417211771011353
10039.0625,1.8524261713027954
10046.875,1.8679083585739136
10054.6875,1.8692046403884888
10062.5,1.8763624429702759
10070.3125,1.8731224536895752
10078.125,1.8834699392318726
10085.9375,1.8795374631881714
10093.75,1.8755613565444946
10101.5625,1.882079005241394
10109.375,1.882144570350647
10117.1875,1.8827271461486816
10125.0,1.890708565711975
10132.8125,1.8923251628875732
10140.625,1.8948521614074707
10148.4375,1.903314232826233
10156.25,1.896199345588684
10164.0625,1.9002410173416138
10171.875,1.898325800895691
10179.6875,1.9089215993881226
10187.5,1.9063873291015625
10195.3125,1.9042754173278809
10203.125,1.9234497547149658
10210.9375,1.9207844734191895
10218.75,1.933266282081604
10226.5625,1.9323341846466064
10234.375,1.9309214353561401
10242.1875,1.9428716897964478
10250.0,1.952950358390808
10257.8125,1.9491125345230103
10265.625,1.95571768283844
10273.4375,1.9615871906280518
10281.25,1.9646457433700562
10289.0625,1.9908910989761353
10296.875,1.9759042263031006
10304.6875,1.9866528511047363
10312.5,1.9958940744400024
10320.3125,2.0051279067993164
10328.125,2.021207332611084
10335.9375,2.026071786880493
10343.75,2.0185928344726562
10351.5625,2.0288827419281006
10359.375,2.0394349098205566
10367.1875,2.050795316696167
10375.0,2.0561914443969727
10382.8125,2.0718994140625
10390.625,2.075380325317383
10398.4375,2.0892386436462402
10406.25,2.0955522060394287
10414.0625,2.101771354675293
10421.875,2.108820676803589
10429.6875,2.110466480255127
10437.5,2.11588454246521
10445.3125,2.1249799728393555
10453.125,2.1302742958068848
10460.9375,2.1376149654388428
10468.75,2.1383721828460693
10476.5625,2.1507740020751953
10484.375,2.1604886054992676
10492.1875,2.160655975341797
10500.0,2.1771650314331055
10507.8125,2.1770193576812744
10515.625,2.194460391998291
10523.4375,2.1978976726531982
10531.25,2.205019950866699
10539.0625,2.208151340484619
10546.875,2.2218055725097656
10554.6875,2.2260656356811523
10562.5,2.231541872024536
10570.3125,2.2379648685455322
10578.125,2.246062994003296
10585.9375,2.25076961517334
10593.75,2.2512173652648926
10601.5625,2.2505548000335693
10609.375,2.2553064823150635
10617.1875,2.2575130462646484
10625.0,2.2623701095581055
10632.8125,2.260491371154785
10640.625,2.265709161758423
10648.4375,2.264376401901245
10656.25,2.2721502780914307
10664.0625,2.2762539386749268
10671.875,2.278336763381958
10679.6875,2.280565023422241
10687.5,2.2851603031158447
10695.3125,2.2881059646606445
10703.125,2.2891910076141357
10710.9375,2.287938356399536
10718.75,2.295377254486084
10726.5625,2.2983338832855225
10734.375,2.299164056777954
10742.1875,2.3048441410064697
10750.0,2.3112380504608154
10757.8125,2.310309648513794
10765.625,2.316295623779297
10773.4375,2.3185458183288574
10781.25,2.3202571868896484
10789.0625,2.3277106285095215
10796.875,2.329247236251831
10804.6875,2.334949254989624
10812.5,2.334188222885132
10820.3125,2.335932493209839
10828.125,2.3414924144744873
10835.9375,2.347391128540039
10843.75,2.3489458560943604
10851.5625,2.356654167175293
10859.375,2.3553433418273926
10867.1875,2.361121892929077
10875.0,2.364821195602417
10882.8125,2.3691251277923584
10890.625,2.3681674003601074
10898.4375,2.3680145740509033
10906.25,2.373614549636841
10914.0625,2.378173351287842
10921.875,2.3762617111206055
10929.6875,2.3792037963867188
10937.5,2.3812320232391357
10945.3125,2.3839845657348633
10953.125,2.3809006214141846
10960.9375,2.3795716762542725
10968.75,2.3835949897766113
10976.5625,2.387035846710205
10984.375,2.3850440979003906
10992.1875,2.3836605548858643
11000.0,2.3837807178497314
11007.8125,2.386518955230713
11015.625,2.3843159675598145
11023.4375,2.377943992614746
11031.25,2.3840830326080322
11039.0625,2.378843307495117
11046.875,2.3814029693603516
11054.6875,2.382000207901001
11062.5,2.3758394718170166
11070.3125,2.3700244426727295
11078.125,2.371699333190918
11085.9375,2.365818977355957
11093.75,2.3701701164245605
11101.5625,2.366940498352051
11109.375,2.3671114444732666
11117.1875,2.358128786087036
11125.0,2.358715057373047
11132.8125,2.3555216789245605
11140.625,2.357943058013916
11148.4375,2.3536648750305176
11156.25,2.353952407836914
11164.0625,2.3543202877044678
11171.875,2.348607301712036
11179.6875,2.351316213607788
11187.5,2.351545572280884
11195.3125,2.349972724914551
11203.125,2.3482468128204346
11210.9375,2.346174955368042
11218.75,2.3431527614593506
11226.5625,2.345362901687622
11234.375,2.3429925441741943
11242.1875,2.343433141708374
11250.0,2.3424901962280273
11257.8125,2.344583749771118
11265.625,2.3441977500915527
11273.4375,2.3487637042999268
11281.25,2.3480136394500732
11289.0625,2.351785898208618
11296.875,2.353661060333252
11304.6875,2.357262134552002
11312.5,2.3614859580993652
11320.3125,2.365527629852295
11328.125,2.3636488914489746
11335.9375,2.372471332550049
11343.75,2.377943992614746
11351.5625,2.3751840591430664
11359.375,2.380692958831787
11367.1875,2.389355421066284
11375.0,2.3929636478424072
11382.8125,2.3944056034088135
11390.625,2.3996198177337646
11398.4375,2.403144359588623
11406.25,2.41028094291687
11414.0625,2.415302276611328
11421.875,2.4157791137695312
11429.6875,2.415327548980713
11437.5,2.411402463912964
11445.3125,2.4121744632720947
11453.125,2.410324811935425
11460.9375,2.4077794551849365
11468.75,2.397394895553589
11476.5625,2.38663911819458
11484.375,2.3753550052642822
11492.1875,2.361875534057617
11500.0,2.3469831943511963
11507.8125,2.332808256149292
11515.625,2.3166234493255615
11523.4375,2.2951369285583496
11531.25,2.274345874786377
11539.0625,2.2571051120758057
11546.875,2.22554874420166
11554.6875,2.186551809310913
11562.5,2.1411759853363037
11570.3125,2.10085391998291
11578.125,2.061776876449585
11585.9375,2.0265088081359863
11593.75,1.9969209432601929
11601.5625,1.9686291217803955
11609.375,1.9369584321975708
11617.1875,1.9151333570480347
11625.0,1.9088560342788696
11632.8125,1.8949832916259766
11640.625,1.8834553956985474
11648.4375,1.874491572380066
11656.25,1.834642767906189
11664.0625,1.8240543603897095
11671.875,1.808659553527832
11679.6875,1.7793118953704834
11687.5,1.752119779586792
11695.3125,1.646694540977478
11703.125,1.44097101688385
11710.9375,-1.494219183921814
11718.75,-1.648325800895691
11726.5625,-1.7681845426559448
11734.375,-1.8400317430496216
11742.1875,-1.8888006210327148
11750.0,-1.9198960065841675
11757.8125,-1.9386916160583496
11765.625,-1.9611939191818237
11773.4375,-1.9752341508865356
11781.25,-1.9825893640518188
11789.0625,-1.9844244718551636
11796.875,-1.9779431819915771
11804.6875,-1.9649296998977661
11812.5,-1.95002281665802
11820.3125,-1.9354655742645264
11828.125,-1.918221116065979
11835.9375,-1.9044793844223022
11843.75,-1.8953182697296143
11851.5625,-1.8925291299819946
11859.375,-1.869335651397705
11867.1875,-1.8602182865142822
11875.0,-1.8378469944000244
11882.8125,-1.8348758220672607
11890.625,-1.848115086555481
11898.4375,-1.8411823511123657
11906.25,-1.8475470542907715
11914.0625,-1.8701512813568115
11921.875,-1.8751462697982788
11929.6875,-1.877403736114502
11937.5,-1.8839869499206543
11945.3125,-1.885705590248108
11953.125,-1.8921067714691162
11960.9375,-1.8820353746414185
11968.75,-1.8882471323013306
11976.5625,-1.8799161911010742
11984.375,-1.8882253170013428
11992.1875,-1.8797705173492432
12000.0,-1.8450565338134766
12007.8125,-1.8122570514678955
12015.625,-1.817966341972351
12023.4375,-1.8515814542770386
12031.25,-1.8600143194198608
12039.0625,-1.8542321920394897
12046.875,-1.827768325805664
12054.6875,-1.7881380319595337
12062.5,-1.7630431652069092
12070.3125,-1.6681337356567383
12078.125,-1.4351451396942139
12085.9375,1.5207041501998901
12093.75,1.6949907541275024
12101.5625,1.7798653841018677
12109.375,1.851508617401123
12117.1875,1.878867506980896
12125.0,1.9143760204315186
12132.8125,1.9589217901229858
12140.625,2.005084276199341
12148.4375,2.0540504455566406
12156.25,2.1247105598449707
12164.0625,2.2056097984313965
12171.875,2.287039041519165
12179.6875,2.3601131439208984
12187.5,2.4440126419067383
12195.3125,2.5151138305664062
12203.125,2.5517001152038574
12210.9375,2.563391923904419
12218.75,2.52970027923584
12226.5625,2.373581886291504
12234.375,1.866481065750122
12242.1875,-2.3187060356140137
12250.0,-2.596562623977661
12257.8125,-2.7389607429504395
12265.625,-2.78004789352417
12273.4375,-2.783256769180298
12281.25,-2.7648634910583496
12289.0625,-2.7243361473083496
12296.875,-2.6642608642578125
12304.6875,-2.6108670234680176
12312.5,-2.5679688453674316
12320.3125,-2.533820152282715
12328.125,-2.50897479057312
12335.9375,-2.4814836978912354
12343.75,-2.460397720336914
12351.5625,-2.4461355209350586
12359.375,-2.4365665912628174
12367.1875,-2.4401602745056152
12375.0,-2.4418134689331055
12382.8125,-2.4473843574523926
12390.625,-2.4539785385131836
12398.4375,-2.466580390930176
12406.25,-2.475825309753418
12414.0625,-2.4754831790924072
12421.875,-2.4809775352478027
12429.6875,-2.480384111404419
12437.5,-2.4764225482940674
12445.3125,-2.471168279647827
12453.125,-2.4596986770629883
12460.9375,-2.4494271278381348
12468.75,-2.434735059738159
12476.5625,-2.4220163822174072
12484.375,-2.399827241897583
12492.1875,-2.3813412189483643
12500.0,-2.3634047508239746
12507.8125,-2.345825433731079
12515.625,-2.325191020965576
12523.4375,-2.3146281242370605
12531.25,-2.296050786972046
12539.0625,-2.2832703590393066
12546.875,-2.2714221477508545
12554.6875,-2.2602765560150146
12562.5,-2.2435286045074463
12570.3125,-2.2218637466430664
12578.125,-2.2101974487304688
12585.9375,-2.1929311752319336
12593.75,-2.177711248397827
12601.5625,-2.1594836711883545
12609.375,-2.1483051776885986
12617.1875,-2.1395082473754883
12625.0,-2.127011775970459
12632.8125,-2.117617607116699
12640.625,-2.117603063583374
12648.4375,-2.115680694580078
12656.25,-2.104480504989624
12664.0625,-2.1060097217559814
12671.875,-2.0949552059173584
12679.6875,-2.0958218574523926
12687.5,-2.089303970336914
12695.3125,-2.08880877494812
12703.125,-2.089872121810913
12710.9375,-2.0835437774658203
12718.75,-2.0872068405151367
12726.5625,-2.094423532485962
12734.375,-2.092158794403076
12742.1875,-2.0867772102355957
12750.0,-2.093782663345337
12757.8125,-2.0970232486724854
12765.625,-2.1092722415924072
12773.4375,-2.107699155807495
12781.25,-2.1129860877990723
12789.0625,-2.122161865234375
12796.875,-2.130733013153076
12804.6875,-2.1338281631469727
12812.5,-2.1374547481536865
12820.3125,-2.1459312438964844
12828.125,-2.1489169597625732
12835.9375,-2.158799171447754
12843.75,-2.162862539291382
12851.5625,-2.1752498149871826
12859.375,-2.179990530014038
12867.1875,-2.166948080062866
12875.0,-2.18375563621521
12882.8125,-2.196448564529419
12890.625,-2.185765504837036
12898.4375,-2.1979997158050537
12906.25,-2.1943366527557373
12914.0625,-2.2021942138671875
12921.875,-2.1999950408935547
12929.6875,-2.2131104469299316
12937.5,-2.2187106609344482
12945.3125,-2.217341423034668
12953.125,-2.221842050552368
12960.9375,-2.222475528717041
12968.75,-2.21418833732605
12976.5625,-2.2135109901428223
12984.375,-2.212061882019043
12992.1875,-2.219264030456543
13000.0,-2.2078962326049805
13007.8125,-2.2079110145568848
13015.625,-2.209017753601074
13023.4375,-2.2022817134857178
13031.25,-2.199885845184326
13039.0625,-2.197103977203369
13046.875,-2.1954216957092285
13054.6875,-2.194380283355713
13062.5,-2.1920793056488037
13070.3125,-2.194962978363037
13078.125,-2.1870908737182617
13085.9375,-2.184534788131714
13093.75,-2.175293445587158
13101.5625,-2.1731960773468018
13109.375,-2.176706314086914
13117.1875,-2.167283058166504
13125.0,-2.170079469680786
13132.8125,-2.159512758255005
13140.625,-2.162221670150757
13148.4375,-2.1656007766723633
13156.25,-2.1564178466796875
13164.0625,-2.1588499546051025
13171.875,-2.155107021331787
13179.6875,-2.1476426124572754
13187.5,-2.141984224319458
13195.3125,-2.142042398452759
13203.125,-2.134556293487549
13210.9375,-2.135990858078003
13218.75,-2.1312427520751953
13226.5625,-2.12493634223938
13234.375,-2.1247615814208984
13242.1875,-2.1324808597564697
13250.0,-2.1305291652679443
13257.8125,-2.1342432498931885
13265.625,-2.1426615715026855
13273.4375,-2.1374764442443848
13281.25,-2.1430912017822266
13289.0625,-2.1392459869384766
13296.875,-2.138139247894287
13304.6875,-2.1485018730163574
13312.5,-2.1595346927642822
13320.3125,-2.1615371704101562
13328.125,-2.1517934799194336
13335.9375,-2.160510301589966
13343.75,-2.1604666709899902
13351.5625,-2.1643335819244385
13359.375,-2.1610054969787598
13367.1875,-2.162221670150757
13375.0,-2.1615371704101562
13382.8125,-2.1656224727630615
13390.625,-2.1652002334594727
13398.4375,-2.159374475479126
13406.25,-2.152164936065674
13414.0625,-2.1616463661193848
13421.875,-2.169875383377075
13429.6875,-2.176691770553589
13437.5,-2.1814980506896973
13445.3125,-2.179990530014038
13453.125,-2.180478572845459
13460.9375,-2.1750240325927734
13468.75,-2.181403398513794
13476.5625,-2.1901931762695312
13484.375,-2.1834352016448975
13492.1875,-2.1839230060577393
13500.0,-2.201953887939453
13507.8125,-2.1923341751098633
13515.625,-2.1949920654296875
13523.4375,-2.2009198665618896
13531.25,-2.2032501697540283
13539.0625,-2.2037672996520996
13546.875,-2.2084643840789795
13554.6875,-2.1986987590789795
13562.5,-2.2109475135803223
13570.3125,-2.2143847942352295
13578.125,-2.218695878982544
13585.9375,-2.215484380722046
13593.75,-2.2218127250671387
13601.5625,-2.22270131111145
13609.375,-2.2299909591674805
13617.1875,-2.229175329208374
13625.0,-2.2395379543304443
13632.8125,-2.237746477127075
13640.625,-2.2443878650665283
13648.4375,-2.251912832260132
13656.25,-2.2538681030273438
13664.0625,-2.2586052417755127
13671.875,-2.259617567062378
13679.6875,-2.257006883621216
13687.5,-2.262002468109131
13695.3125,-2.2617876529693604
13703.125,-2.26141619682312
13710.9375,-2.2652831077575684
13718.75,-2.267606258392334
13726.5625,-2.269721746444702
13734.375,-2.2673439979553223
13742.1875,-2.2697033882141113
13750.0,-2.271069049835205
13757.8125,-2.273275375366211
13765.625,-2.2772369384765625
13773.4375,-2.2778923511505127
13781.25,-2.279545545578003
13789.0625,-2.2812423706054688
13796.875,-2.2795820236206055
13804.6875,-2.2768983840942383
13812.5,-2.2811477184295654
13820.3125,-2.281165838241577
13828.125,-2.285848379135132
13835.9375,-2.2836453914642334
13843.75,-2.284665107727051
13851.5625,-2.285196542739868
13859.375,-2.282960891723633
13867.1875,-2.284053325653076
13875.0,-2.2871227264404297
13882.8125,-2.2864601612091064
13890.625,-2.285670042037964
13898.4375,-2.284574031829834
13906.25,-2.2852694988250732
13914.0625,-2.2833104133605957
13921.875,-2.2813405990600586
13929.6875,-2.2826333045959473
13937.5,-2.2823638916015625
13945.3125,-2.280776262283325
13953.125,-2.2821853160858154
13960.9375,-2.284242630004883
13968.75,-2.2844138145446777
13976.5625,-2.2806851863861084
13984.375,-2.2821381092071533
13992.1875,-2.27744460105896
14000.0,-2.2797677516937256
14007.8125,-2.279042959213257
14015.625,-2.279723882675171
14023.4375,-2.2768218517303467
14031.25,-2.2751359939575195
14039.0625,-2.2753946781158447
14046.875,-2.2752745151519775
14054.6875,-2.278642416000366
14062.5,-2.278085470199585
14070.3125,-2.2736032009124756
14078.125,-2.27512526512146
14085.9375,-2.2702059745788574
14093.75,-2.269193649291992
14101.5625,-2.268134117126465
14109.375,-2.272820234298706
14117.1875,-2.268651247024536
14125.0,-2.2673330307006836
14132.8125,-2.268669366836548
14140.625,-2.2677664756774902
14148.4375,-2.2632405757904053
14156.25,-2.2664265632629395
14164.0625,-2.2672929763793945
14171.875,-2.268214225769043
14179.6875,-2.2643001079559326
14187.5,-2.2668778896331787
14195.3125,-2.2612342834472656
14203.125,-2.261248826980591
14210.9375,-2.264376401901245
14218.75,-2.259683132171631
14226.5625,-2.259413719177246
14234.375,-2.258303165435791
14242.1875,-2.259584665298462
14250.0,-2.259155035018921
14257.8125,-2.2600436210632324
14265.625,-2.2582921981811523
14273.4375,-2.260556936264038
14281.25,-2.2594244480133057
14289.0625,-2.2625997066497803
14296.875,-2.2607572078704834
14304.6875,-2.265618085861206
14312.5,-2.260469436645508
14320.3125,-2.2608518600463867
14328.125,-2.2675697803497314
14335.9375,-2.263160467147827
14343.75,-2.2662079334259033
14351.5625,-2.2677299976348877
14359.375,-2.2711381912231445
14367.1875,-2.2664992809295654
14375.0,-2.2687785625457764
14382.8125,-2.2740728855133057
14390.625,-2.269674301147461
14398.4375,-2.2698309421539307
14406.25,-2.2714622020721436
14414.0625,-2.272041082382202
14421.875,-2.2709341049194336
14429.6875,-2.2724380493164062
14437.5,-2.2753982543945312
14445.3125,-2.2748630046844482
14453.125,-2.272878646850586
14460.9375,-2.2740108966827393
14468.75,-2.2725472450256348
14476.5625,-2.2713491916656494
14484.375,-2.271360158920288
14492.1875,-2.2758097648620605
14500.0,-2.2785696983337402
14507.8125,-2.274305820465088
14515.625,-2.280794382095337
14523.4375,-2.2766945362091064
14531.25,-2.278580665588379
14539.0625,-2.277142286300659
14546.875,-2.2767927646636963
14554.6875,-2.2736868858337402
14562.5,-2.27506685256958
14570.3125,-2.2737014293670654
14578.125,-2.272984266281128
14585.9375,-2.2673184871673584
14593.75,-2.2687604427337646
14601.5625,-2.268764019012451
14609.375,-2.269536018371582
14617.1875,-2.2693538665771484
14625.0,-2.268083095550537
14632.8125,-2.2645184993743896
14640.625,-2.259486436843872
14648.4375,-2.265425205230713
14656.25,-2.264930009841919
14664.0625,-2.2561182975769043
14671.875,-2.253751516342163
14679.6875,-2.2565627098083496
14687.5,-2.2511847019195557
14695.3125,-2.2508459091186523
14703.125,-2.2494053840637207
14710.9375,-2.2433247566223145
14718.75,-2.24057936668396
14726.5625,-2.234243631362915
14734.375,-2.2294955253601074
14742.1875,-2.223480463027954
14750.0,-2.2301948070526123
14757.8125,-2.2236626148223877
14765.625,-2.2203054428100586
14773.4375,-2.2207205295562744
14781.25,-2.2169482707977295
14789.0625,-2.2081658840179443
14796.875,-2.205995559692383
14804.6875,-2.203439474105835
14812.5,-2.1999223232269287
14820.3125,-2.1959097385406494
14828.125,-2.1958441734313965
14835.9375,-2.1951305866241455
14843.75,-2.191904306411743
14851.5625,-2.194380283355713
14859.375,-2.1875715255737305
14867.1875,-2.18460750579834
14875.0,-2.1803619861602783
14882.8125,-2.1814980506896973
14890.625,-2.1751041412353516
14898.4375,-2.1722640991210938
14906.25,-2.1704797744750977
14914.0625,-2.177551031112671
14921.875,-2.1635324954986572
14929.6875,-2.187819004058838
14937.5,-2.171441078186035
14945.3125,-2.1692709922790527
14953.125,-2.1573281288146973
14960.9375,-2.1670498847961426
14968.75,-2.155587673187256
14976.5625,-2.1659648418426514
14984.375,-2.1684043407440186
14992.1875,-2.1564033031463623
15000.0,-2.1575610637664795
15007.8125,-2.1567819118499756
15015.625,-2.1649162769317627
15023.4375,-2.1555001735687256
15031.25,-2.1570658683776855
15039.0625,-2.1590540409088135
15046.875,-2.161879539489746
15054.6875,-2.161945104598999
15062.5,-2.1584131717681885
15070.3125,-2.163153886795044
15078.125,-2.1606998443603516
15085.9375,-2.1508467197418213
15093.75,-2.154371500015259
15101.5625,-2.1566362380981445
15109.375,-2.149259328842163
15117.1875,-2.150956153869629
15125.0,-2.161530017852783
15132.8125,-2.152536392211914
15140.625,-2.1619813442230225
15148.4375,-2.156752824783325
15156.25,-2.1512181758880615
15164.0625,-2.146907091140747
15171.875,-2.159519910812378
15179.6875,-2.149048089981079
15187.5,-2.1529440879821777
15195.3125,-2.151815414428711
15203.125,-2.1559152603149414
15210.9375,-2.141918659210205
15218.75,-2.1513638496398926
15226.5625,-2.150599241256714
15234.375,-2.1440014839172363
15242.1875,-2.1490626335144043
15250.0,-2.151837110519409
15257.8125,-2.168083906173706
15265.625,-2.149405002593994
15273.4375,-2.1478829383850098
15281.25,-2.1571459770202637
15289.0625,-2.154473304748535
15296.875,-2.1486620903015137
15304.6875,-2.1531918048858643
15312.5,-2.15702223777771
15320.3125,-2.1411685943603516
15328.125,-2.150825023651123
15335.9375,-2.154538869857788
15343.75,-2.146979808807373
15351.5625,-2.147977590560913
15359.375,-2.153687000274658
15367.1875,-2.1489460468292236
15375.0,-2.1489388942718506
15382.8125,-2.143462657928467
15390.625,-2.139129638671875
15398.4375,-2.1485965251922607
15406.25,-2.1528420448303223
15414.0625,-2.1452322006225586
15421.875,-2.147249460220337
15429.6875,-2.1483781337738037
15437.5,-2.1479556560516357
15445.3125,-2.145559787750244
15453.125,-2.1493611335754395
15460.9375,-2.143710136413574
15468.75,-2.1448171138763428
15476.5625,-2.1394717693328857
15484.375,-2.1550631523132324
15492.1875,-2.1458511352539062
15500.0,-2.148247003555298
15507.8125,-2.1415109634399414
15515.625,-2.137928009033203
15523.4375,-2.143761157989502
15531.25,-2.146477460861206
15539.0625,-2.1435353755950928
15546.875,-2.1488733291625977
15554.6875,-2.141408920288086
15562.5,-2.150744915008545
15570.3125,-2.1479339599609375
15578.125,-2.1591122150421143
15585.9375,-2.1510069370269775
15593.75,-2.160583257675171
15601.5625,-2.1564104557037354
15609.375,-2.155383586883545
15617.1875,-2.144693374633789
15625.0,-2.148312568664551
15632.8125,-2.1510725021362305
15640.625,-2.153308153152466
15648.4375,-2.1452322006225586
15656.25,-2.1474533081054688
15664.0625,-2.145756483078003
15671.875,-2.138190269470215
15679.6875,-2.142428398132324
15687.5,-2.13786244392395
15695.3125,-2.135910749435425
15703.125,-2.1460695266723633
15710.9375,-2.1378042697906494
15718.75,-2.140418529510498
15726.5625,-2.141474485397339
15734.375,-2.1475844383239746
15742.1875,-2.1393189430236816
15750.0,-2.1383066177368164
15757.8125,-2.1374473571777344
15765.625,-2.1387581825256348
15773.4375,-2.141474485397339
15781.25,-2.1426031589508057
15789.0625,-2.134206771850586
15796.875,-2.139566421508789
15804.6875,-2.1449408531188965
15812.5,-2.148975133895874
15820.3125,-2.146761417388916
15828.125,-2.1435353755950928
15835.9375,-2.137636661529541
15843.75,-2.1369011402130127
15851.5625,-2.133988380432129
15859.375,-2.1477227210998535
15867.1875,-2.143477201461792
15875.0,-2.1283226013183594
15882.8125,-2.1403748989105225
15890.625,-2.1422464847564697
15898.4375,-2.1492228507995605
15906.25,-2.13877272605896
15914.0625,-2.134141206741333
15921.875,-2.1466376781463623
15929.6875,-2.139187812805176
15937.5,-2.1338281631469727
15945.3125,-2.1322550773620605
15953.125,-2.1285338401794434
15960.9375,-2.132713794708252
15968.75,-2.1363332271575928
15976.5625,-2.1349568367004395
15984.375,-2.1285483837127686
15992.1875,-2.1383211612701416
16000.0,-2.129924774169922
16007.8125,-2.1339008808135986
16015.625,-2.1318764686584473
16023.4375,-2.1286139488220215
16031.25,-2.1192779541015625
16039.0625,-2.12843918800354
16046.875,-2.1321167945861816
16054.6875,-2.130063056945801
16062.5,-2.12186336517334
16070.3125,-2.125213146209717
16078.125,-2.1211860179901123
16085.9375,-2.1179380416870117
16093.75,-2.1120686531066895
16101.5625,-2.1163723468780518
16109.375,-2.115178108215332
16117.1875,-2.122030735015869
16125.0,-2.1221327781677246
16132.8125,-2.1143479347229004
16140.625,-2.11246919631958
16148.4375,-2.120181083679199
16156.25,-2.123312473297119
16164.0625,-2.1203629970550537
16171.875,-2.111689805984497
16179.6875,-2.1172971725463867
16187.5,-2.1188337802886963
16195.3125,-2.1166272163391113
16203.125,-2.1117336750030518
16210.9375,-2.117093324661255
16218.75,-2.1219725608825684
16226.5625,-2.118156671524048
16234.375,-2.1160664558410645
16242.1875,-2.11588454246521
16250.0,-2.124164342880249
16257.8125,-2.114253282546997
16265.625,-2.109628915786743
16273.4375,-2.1177122592926025
16281.25,-2.1116387844085693
16289.0625,-2.112316131591797
16296.875,-2.118812084197998
16304.6875,-2.1147994995117188
16312.5,-2.109614372253418
16320.3125,-2.1097018718719482
16328.125,-2.1145081520080566
16335.9375,-2.1190595626831055
16343.75,-2.1123526096343994
16351.5625,-2.1152801513671875
16359.375,-2.1114132404327393
16367.1875,-2.1102917194366455
16375.0,-2.1180837154388428
16382.8125,-2.1133646965026855
16390.625,-2.112541913986206
16398.4375,-2.1068835258483887
16406.25,-2.1065266132354736
16414.0625,-2.10233211517334
16421.875,-2.0993683338165283
16429.6875,-2.102841854095459
16437.5,-2.1028709411621094
16445.3125,-2.0975329875946045
16453.125,-2.1008901596069336
16460.9375,-2.0965425968170166
16468.75,-2.0947365760803223
16476.5625,-2.1003222465515137
16484.375,-2.0969505310058594
16492.1875,-2.1019389629364014
16500.0,-2.0977516174316406
16507.8125,-2.09572696685791
16515.625,-2.0903818607330322
16523.4375,-2.095137119293213
16531.25,-2.089726448059082
16539.0625,-2.094729423522949
16546.875,-2.0964407920837402
16554.6875,-2.095872640609741
16562.5,-2.0951008796691895
16570.3125,-2.089879274368286
16578.125,-2.0871777534484863
16585.9375,-2.0915544033050537
16593.75,-2.0947365760803223
16601.5625,-2.085815906524658
16609.375,-2.088721513748169
16617.1875,-2.0891802310943604
16625.0,-2.0926320552825928
16632.8125,-2.0919110774993896
16640.625,-2.0841481685638428
16648.4375,-2.0855391025543213
16656.25,-2.074899673461914
16664.0625,-2.093425750732422
16671.875,-2.0903308391571045
16679.6875,-2.0844175815582275
16687.5,-2.0755186080932617
16695.3125,-2.0694453716278076
16703.125,-2.069255828857422
16710.9375,-2.068542242050171
16718.75,-2.063138723373413
16726.5625,-2.0668890476226807
16734.375,-2.0710837841033936
16742.1875,-2.067209482192993
16750.0,-2.071185827255249
16757.8125,-2.07787823677063
16765.625,-2.0705084800720215
16773.4375,-2.071061849594116
16781.25,-2.075263738632202
16789.0625,-2.0667362213134766
16796.875,-2.0722999572753906
16804.6875,-2.062046527862549
16812.5,-2.0557544231414795
16820.3125,-2.0648574829101562
16828.125,-2.064267635345459
16835.9375,-2.0591917037963867
16843.75,-2.055769205093384
16851.5625,-2.060342311859131
16859.375,-2.062577962875366
16867.1875,-2.0565409660339355
16875.0,-2.06307315826416
16882.8125,-2.06720232963562
16890.625,-2.0630805492401123
16898.4375,-2.056359052658081
16906.25,-2.055434226989746
16914.0625,-2.0537374019622803
16921.875,-2.056650161743164
16929.6875,-2.061136245727539
16937.5,-2.062410593032837
16945.3125,-2.0592427253723145
16953.125,-2.0489747524261475
16960.9375,-2.0547494888305664
16968.75,-2.0545310974121094
16976.5625,-2.058995246887207
16984.375,-2.0454282760620117
16992.1875,-2.053664445877075
17000.0,-2.0487124919891357
17007.8125,-2.0497684478759766
17015.625,-2.056562900543213
17023.4375,-2.0460617542266846
17031.25,-2.0393474102020264
17039.0625,-2.050008773803711
17046.875,-2.046098232269287
17054.6875,-2.047219753265381
17062.5,-2.042522668838501
17070.3125,-2.0399301052093506
17078.125,-2.049717426300049
17085.9375,-2.0401268005371094
17093.75,-2.0323855876922607
17101.5625,-2.04365873336792
17109.375,-2.0378036499023438
17117.1875,-2.0358009338378906
17125.0,-2.0325748920440674
17132.8125,-2.027695894241333
17140.625,-2.030907392501831
17148.4375,-2.027338981628418
17156.25,-2.0408477783203125
17164.0625,-2.036907911300659
17171.875,-2.0260791778564453
17179.6875,-2.0298149585723877
17187.5,-2.0278196334838867
17195.3125,-2.031344175338745
17203.125,-2.020508289337158
17210.9375,-2.031555414199829
17218.75,-2.0327060222625732
17226.5625,-2.019423246383667
17234.375,-2.023916244506836
17242.1875,-2.0247538089752197
17250.0,-2.0225472450256348
17257.8125,-2.026406764984131
17265.625,-2.0312278270721436
17273.4375,-2.0190227031707764
17281.25,-2.02227783203125
17289.0625,-2.020573854446411
17296.875,-2.0210981369018555
17304.6875,-2.022052049636841
17312.5,-2.0339221954345703
17320.3125,-2.0246517658233643
17328.125,-2.02133846282959
17335.9375,-2.0195324420928955
17343.75,-2.021629571914673
17351.5625,-2.0227439403533936
17359.375,-2.022853136062622
17367.1875,-2.016291856765747
17375.0,-2.0267271995544434
17382.8125,-2.0215203762054443
17390.625,-2.0300989151000977
17398.4375,-2.0179667472839355
17406.25,-2.0189571380615234
17414.0625,-2.0204789638519287
17421.875,-2.022700071334839
17429.6875,-2.0176172256469727
17437.5,-2.024076461791992
17445.3125,-2.015061140060425
17453.125,-2.0096793174743652
17460.9375,-2.0149881839752197
17468.75,-2.0130510330200195
17476.5625,-2.0213820934295654
17484.375,-2.0201077461242676
17492.1875,-2.015774726867676
17500.0,-2.0261082649230957
17507.8125,-2.023712396621704
17515.625,-2.016160726547241
17523.4375,-2.0208723545074463
17531.25,-2.0153961181640625
17539.0625,-2.0278632640838623
17546.875,-2.017515182495117
17554.6875,-2.011004686355591
17562.5,-2.009249687194824
17570.3125,-2.0018362998962402
17578.125,-2.007742404937744
17585.9375,-2.0129637718200684
17593.75,-2.0146677494049072
17601.5625,-2.0106115341186523
17609.375,-2.0110340118408203
17617.1875,-2.013852119445801
17625.0,-2.0056521892547607
17632.8125,-2.0038609504699707
17640.625,-2.009227991104126
17648.4375,-2.013378858566284
17656.25,-2.01729679107666
17664.0625,-2.0103347301483154
17671.875,-2.002316951751709
17679.6875,-2.008033514022827
17687.5,-2.002018451690674
17695.3125,-2.0025501251220703
17703.125,-2.0039265155792236
17710.9375,-2.003751516342163
17718.75,-2.006089210510254
17726.5625,-2.0111067295074463
17734.375,-2.0108227729797363
17742.1875,-2.008594274520874
17750.0,-2.010880947113037
17757.8125,-2.005317211151123
17765.625,-2.004741907119751
17773.4375,-2.0062930583953857
17781.25,-2.009366273880005
17789.0625,-2.0087544918060303
17796.875,-2.000248908996582
17804.6875,-2.001945734024048
17812.5,-2.001246452331543
17820.3125,-1.9955809116363525
17828.125,-2.0004236698150635
17835.9375,-2.0074219703674316
17843.75,-2.010742664337158
17851.5625,-2.0099706649780273
17859.375,-2.0163865089416504
17867.1875,-2.018578290939331
17875.0,-2.013648271560669
17882.8125,-2.0200493335723877
17890.625,-2.0157601833343506
17898.4375,-2.019415855407715
17906.25,-2.018010377883911
17914.0625,-2.009788751602173
17921.875,-2.0062568187713623
17929.6875,-2.0225327014923096
17937.5,-2.0089657306671143
17945.3125,-2.0045816898345947
17953.125,-2.0061984062194824
17960.9375,-2.020697593688965
17968.75,-2.0115509033203125
17976.5625,-1.9978312253952026
17984.375,-2.0056886672973633
17992.1875,-2.0011518001556396
18000.0,-2.0039117336273193
18007.8125,-2.007749557495117
18015.625,-2.0020110607147217
18023.4375,-2.0114853382110596
18031.25,-1.9999794960021973
18039.0625,-2.0058417320251465
18046.875,-2.004538059234619
18054.6875,-2.0054993629455566
18062.5,-2.00781512260437
18070.3125,-2.0019164085388184
18078.125,-2.0058271884918213
18085.9375,-1.9989598989486694
18093.75,-2.012956380844116
18101.5625,-2.011507272720337
18109.375,-2.0127744674682617
18117.1875,-2.0109610557556152
18125.0,-2.015650987625122
18132.8125,-2.017216682434082
18140.625,-2.0051498413085938
18148.4375,-2.0110702514648438
18156.25,-2.0115509033203125
18164.0625,-2.0010135173797607
18171.875,-2.0177555084228516
18179.6875,-2.0158839225769043
18187.5,-2.007676839828491
18195.3125,-2.0128180980682373
18203.125,-2.0127744674682617
18210.9375,-2.0161678791046143
18218.75,-2.0152649879455566
18226.5625,-2.010516881942749
18234.375,-2.009948968887329
18242.1875,-2.007960796356201
18250.0,-2.008863687515259
18257.8125,-2.018935203552246
18265.625,-2.0113396644592285
18273.4375,-2.01564359664917
18281.25,-2.013094902038574
18289.0625,-2.008033514022827
18296.875,-2.0113251209259033
18304.6875,-2.00972318649292
18312.5,-2.016131639480591
18320.3125,-2.0027976036071777
18328.125,-2.008652687072754
18335.9375,-2.0158329010009766
18343.75,-2.001377582550049
18351.5625,-2.0114781856536865
18359.375,-2.0115509033203125
18367.1875,-2.006955862045288
18375.0,-2.002542734146118
18382.8125,-2.017158269882202
18390.625,-2.0193066596984863
18398.4375,-2.014864444732666
18406.25,-2.0121846199035645
18414.0625,-2.009511947631836
18421.875,-2.0201804637908936
18429.6875,-2.017442464828491
18437.5,-2.011951446533203
18445.3125,-2.0135462284088135
18453.125,-2.0021567344665527
18460.9375,-2.002236843109131
18468.75,-2.0087473392486572
18476.5625,-2.003394842147827
18484.375,-2.00724720954895
18492.1875,-2.0178136825561523
18500.0,-2.013284206390381
18507.8125,-2.0181195735931396
18515.625,-2.0072834491729736
18523.4375,-2.0043487548828125
18531.25,-2.009373664855957
18539.0625,-2.0022807121276855
18546.875,-2.0078587532043457
18554.6875,-2.007378101348877
18562.5,-2.0071887969970703
18570.3125,-2.004530906677246
18578.125,-2.0038609504699707
18585.9375,-2.0194594860076904
18593.75,-2.015155792236328
18601.5625,-2.018789529800415
18609.375,-2.0145511627197266
18617.1875,-2.0147042274475098
18625.0,-2.0089948177337646
18632.8125,-2.0020840167999268
18640.625,-2.007167100906372
18648.4375,-2.0091187953948975
18656.25,-2.010364055633545
18664.0625,-2.006606340408325
18671.875,-2.0065042972564697
18679.6875,-2.0042614936828613
18687.5,-2.0020694732666016
18695.3125,-2.0059072971343994
18703.125,-2.004589080810547
18710.9375,-2.003533124923706
18718.75,-2.0036497116088867
18726.5625,-1.999542474746704
18734.375,-2.0090532302856445
18742.1875,-1.999790072441101
18750.0,-1.997401475906372
18757.8125,-2.002753973007202
18765.625,-1.996360182762146
18773.4375,-1.9991419315338135
18781.25,-2.000190496444702
18789.0625,-1.9979914426803589
18796.875,-1.993869662284851
18804.6875,-1.9981952905654907
18812.5,-1.9994843006134033
18820.3125,-1.9990109205245972
18828.125,-1.997430682182312
18835.9375,-1.9929519891738892
18843.75,-2.000037670135498
18851.5625,-2.0040502548217773
18859.375,-1.9935564994812012
18867.1875,-2.0065042972564697
18875.0,-1.998887062072754
18882.8125,-2.006089210510254
18890.625,-2.0093297958374023
18898.4375,-1.9955663681030273
18906.25,-2.0105605125427246
18914.0625,-2.0031254291534424
18921.875,-2.0097594261169434
18929.6875,-1.994583249092102
18937.5,-2.0032711029052734
18945.3125,-2.0062713623046875
18953.125,-1.9937968254089355
18960.9375,-1.993614673614502
18968.75,-1.9939205646514893
18976.5625,-2.0010716915130615
18984.375,-1.9932068586349487
18992.1875,-1.9970155954360962
19000.0,-2.0001468658447266
19007.8125,-1.9966150522232056
19015.625,-2.003678798675537
19023.4375,-1.9969500303268433
19031.25,-2.0026156902313232
19039.0625,-2.002950668334961
19046.875,-1.9986249208450317
19054.6875,-1.997248649597168
19062.5,-2.0065698623657227
19070.3125,-2.002957820892334
19078.125,-1.9995352029800415
19085.9375,-1.9972267150878906
19093.75,-2.0088346004486084
19101.5625,-2.0008678436279297
19109.375,-2.0079827308654785
19117.1875,-2.003110885620117
19125.0,-2.0038464069366455
19132.8125,-2.000394582748413
19140.625,-1.9992294311523438
19148.4375,-2.0039772987365723
19156.25,-2.0030014514923096
19164.0625,-1.9911969900131226
19171.875,-1.992871880531311
19179.6875,-1.9965713024139404
19187.5,-2.000095844268799
19195.3125,-1.9972121715545654
19203.125,-1.9979331493377686
19210.9375,-2.003598690032959
19218.75,-2.005390167236328
19226.5625,-1.998005986213684
19234.375,-2.0013484954833984
19242.1875,-1.996396541595459
19250.0,-1.995508074760437
19257.8125,-2.001683473587036
19265.625,-1.993046760559082
19273.4375,-1.9928646087646484
19281.25,-1.9942920207977295
19289.0625,-1.9921873807907104
19296.875,-1.9925150871276855
19304.6875,-1.992340326309204
19312.5,-1.9921363592147827
19320.3125,-1.9899299144744873
19328.125,-1.9889613389968872
19335.9375,-1.98398756980896
19343.75,-1.9920563697814941
19351.5625,-1.9834340810775757
19359.375,-1.9875776767730713
19367.1875,-1.9908910989761353
19375.0,-1.9858081340789795
19382.8125,-1.985633373260498
19390.625,-1.9882913827896118
19398.4375,-1.9826257228851318
19406.25,-1.984140396118164
19414.0625,-1.9859100580215454
19421.875,-1.9871844053268433
19429.6875,-1.977928638458252
19437.5,-1.9794142246246338
19445.3125,-1.9803245067596436
19453.125,-1.9796254634857178
19460.9375,-1.9927116632461548
19468.75,-1.9854366779327393
19476.5625,-1.9857571125030518
19484.375,-1.9916266202926636
19492.1875,-1.9856479167938232
19500.0,-1.9860119819641113
19507.8125,-1.985378384590149
19515.625,-1.9941390752792358
19523.4375,-1.9838346242904663
19531.25,-1.9853638410568237
19539.0625,-1.9879636764526367
19546.875,-1.9895439147949219
19554.6875,-1.986528992652893
19562.5,-1.9912042617797852
19570.3125,-1.982145071029663
19578.125,-1.9867912530899048
19585.9375,-1.9954279661178589
19593.75,-1.9920636415481567
19601.5625,-1.9903377294540405
19609.375,-1.9798147678375244
19617.1875,-1.988589882850647
19625.0,-1.9968844652175903
19632.8125,-1.9860702753067017
19640.625,-1.9891871213912964
19648.4375,-1.993789553642273
19656.25,-1.9891070127487183
19664.0625,-1.9865509271621704
19671.875,-1.9884370565414429
19679.6875,-1.9836889505386353
19687.5,-1.9806959629058838
19695.3125,-1.9817664623260498
19703.125,-1.9760425090789795
19710.9375,-1.9735519886016846
19718.75,-1.9799458980560303
19726.5625,-1.9751832485198975
19734.375,-1.9862086772918701
19742.1875,-1.9819194078445435
19750.0,-1.9861721992492676
19757.8125,-1.9832082986831665
19765.625,-1.983463168144226
19773.4375,-1.977615475654602
19781.25,-1.9888521432876587
19789.0625,-1.9869440793991089
19796.875,-1.9813950061798096
19804.6875,-1.9845263957977295
19812.5,-1.984351634979248
19820.3125,-1.9899662733078003
19828.125,-1.979720115661621
19835.9375,-1.9859974384307861
19843.75,-1.999855637550354
19851.5625,-1.9856624603271484
19859.375,-1.9982390403747559
19867.1875,-1.994073510169983
19875.0,-1.9897842407226562
19882.8125,-1.986703872680664
19890.625,-1.9895366430282593
19898.4375,-1.9863033294677734
19906.25,-1.9840021133422852
19914.0625,-1.985138177871704
19921.875,-1.9816863536834717
19929.6875,-1.9880000352859497
19937.5,-1.9922019243240356
19945.3125,-1.9907382726669312
19953.125,-1.9851963520050049
19960.9375,-1.973333477973938
19968.75,-1.983135461807251
19976.5625,-1.9843589067459106
19984.375,-1.989194393157959
